#policy P10 P30 P50 P70 P90 filtersize stagingsize
merlin-0.05-0.01-2.00-32-1.0 0.000 0.012 0.030 0.071 0.166 5 1
merlin-0.10-0.01-2.00-32-1.0 0.005 0.019 0.038 0.077 0.163 10 1
merlin-0.15-0.01-2.00-32-1.0 0.006 0.020 0.039 0.074 0.156 15 1
merlin-0.05-0.05-2.00-32-1.0 0.000 0.012 0.031 0.071 0.166 5 5
merlin-0.10-0.05-2.00-32-1.0 0.005 0.019 0.038 0.077 0.165 10 5
merlin-0.15-0.05-2.00-32-1.0 0.006 0.020 0.039 0.074 0.158 15 5
merlin-0.05-0.10-2.00-32-1.0 0.000 0.012 0.030 0.071 0.170 5 10
merlin-0.10-0.10-2.00-32-1.0 0.004 0.018 0.038 0.077 0.168 10 10
merlin-0.15-0.10-2.00-32-1.0 0.005 0.020 0.039 0.075 0.163 15 10
