#policy P10 P30 P50 P70 P90 filtersize stagingsize
merlin-0.05-0.01-0.50-32-1.0 -0.007 0.005 0.020 0.058 0.159 5 1
merlin-0.10-0.01-0.50-32-1.0 0.002 0.012 0.028 0.066 0.163 10 1
merlin-0.15-0.01-0.50-32-1.0 0.003 0.015 0.030 0.065 0.159 15 1
merlin-0.05-0.05-0.50-32-1.0 -0.007 0.006 0.020 0.058 0.159 5 5
merlin-0.10-0.05-0.50-32-1.0 0.002 0.012 0.028 0.066 0.164 10 5
merlin-0.15-0.05-0.50-32-1.0 0.003 0.015 0.030 0.065 0.160 15 5
merlin-0.05-0.10-0.50-32-1.0 -0.007 0.006 0.020 0.057 0.159 5 10
merlin-0.10-0.10-0.50-32-1.0 0.002 0.012 0.028 0.065 0.164 10 10
merlin-0.15-0.10-0.50-32-1.0 0.003 0.014 0.030 0.066 0.161 15 10
