 P10 P30 P50 P70 P90 filtersize stagingsize
flex-0.05-0.01-1.00 -0.002 0.009 0.026 0.065 0.163 5 1
flex-0.10-0.01-1.00 0.003 0.016 0.034 0.072 0.166 10 1
flex-0.15-0.01-1.00 0.005 0.018 0.035 0.070 0.159 15 1
flex-0.05-0.05-1.00 -0.002 0.009 0.027 0.065 0.164 5 5
flex-0.10-0.05-1.00 0.003 0.016 0.034 0.072 0.166 10 5
flex-0.15-0.05-1.00 0.005 0.018 0.035 0.070 0.160 15 5
flex-0.05-0.10-1.00 -0.002 0.009 0.026 0.064 0.165 5 10
flex-0.10-0.10-1.00 0.003 0.016 0.034 0.071 0.167 10 10
flex-0.15-0.10-1.00 0.005 0.018 0.035 0.070 0.164 15 10
