 P10 P30 P50 P70 P90 filtersize stagingsize
flex-0.05-0.01-2.00 0.002 0.011 0.023 0.047 0.112 5 1
flex-0.10-0.01-2.00 0.003 0.013 0.025 0.049 0.111 10 1
flex-0.15-0.01-2.00 0.003 0.013 0.025 0.048 0.108 15 1
flex-0.05-0.05-2.00 0.002 0.011 0.023 0.047 0.114 5 5
flex-0.10-0.05-2.00 0.003 0.013 0.025 0.049 0.112 10 5
flex-0.15-0.05-2.00 0.003 0.013 0.025 0.048 0.108 15 5
flex-0.05-0.10-2.00 0.002 0.011 0.023 0.047 0.114 5 10
flex-0.10-0.10-2.00 0.003 0.012 0.025 0.049 0.114 10 10
flex-0.15-0.10-2.00 0.003 0.013 0.025 0.049 0.111 15 10
