#policy P10 P30 P50 P70 P90 filtersize stagingsize
merlin-0.05-0.01-0.50-32-1.0 -0.001 0.005 0.013 0.028 0.108 5 1
merlin-0.10-0.01-0.50-32-1.0 0.001 0.007 0.013 0.029 0.107 10 1
merlin-0.15-0.01-0.50-32-1.0 0.001 0.007 0.014 0.028 0.107 15 1
merlin-0.05-0.05-0.50-32-1.0 -0.001 0.005 0.013 0.028 0.110 5 5
merlin-0.10-0.05-0.50-32-1.0 0.001 0.006 0.013 0.029 0.110 10 5
merlin-0.15-0.05-0.50-32-1.0 0.001 0.007 0.014 0.028 0.109 15 5
merlin-0.05-0.10-0.50-32-1.0 -0.001 0.005 0.013 0.028 0.110 5 10
merlin-0.10-0.10-0.50-32-1.0 0.001 0.006 0.013 0.028 0.110 10 10
merlin-0.15-0.10-0.50-32-1.0 0.001 0.007 0.014 0.028 0.108 15 10
