 P10 P30 P50 P70 P90 filtersize stagingsize
flex-0.05-0.01-1.00 0.001 0.009 0.018 0.034 0.122 5 1
flex-0.10-0.01-1.00 0.002 0.010 0.019 0.034 0.117 10 1
flex-0.15-0.01-1.00 0.002 0.010 0.018 0.034 0.113 15 1
flex-0.05-0.05-1.00 0.001 0.009 0.018 0.035 0.123 5 5
flex-0.10-0.05-1.00 0.002 0.010 0.019 0.034 0.117 10 5
flex-0.15-0.05-1.00 0.002 0.010 0.018 0.034 0.112 15 5
flex-0.05-0.10-1.00 0.001 0.009 0.018 0.034 0.123 5 10
flex-0.10-0.10-1.00 0.002 0.010 0.018 0.034 0.119 10 10
flex-0.15-0.10-1.00 0.002 0.010 0.018 0.034 0.115 15 10
