#policy P10 P30 P50 P70 P90 filtersize stagingsize
merlin-0.05-0.01-2.00-32-1.0 0.002 0.012 0.022 0.040 0.124 5 1
merlin-0.10-0.01-2.00-32-1.0 0.003 0.013 0.022 0.040 0.117 10 1
merlin-0.15-0.01-2.00-32-1.0 0.003 0.012 0.021 0.039 0.109 15 1
merlin-0.05-0.05-2.00-32-1.0 0.002 0.012 0.022 0.040 0.125 5 5
merlin-0.10-0.05-2.00-32-1.0 0.003 0.013 0.022 0.040 0.118 10 5
merlin-0.15-0.05-2.00-32-1.0 0.003 0.012 0.022 0.039 0.111 15 5
merlin-0.05-0.10-2.00-32-1.0 0.002 0.012 0.022 0.041 0.126 5 10
merlin-0.10-0.10-2.00-32-1.0 0.003 0.013 0.023 0.041 0.121 10 10
merlin-0.15-0.10-2.00-32-1.0 0.003 0.012 0.022 0.040 0.113 15 10
