#policy P10 P30 P50 P70 P90 filtersize stagingsize
merlin-0.05-0.01-0.50-32-1.0 -0.015 0.001 0.012 0.028 0.095 5 1
merlin-0.10-0.01-0.50-32-1.0 -0.012 0.002 0.012 0.027 0.091 10 1
merlin-0.15-0.01-0.50-32-1.0 -0.010 0.002 0.012 0.025 0.085 15 1
merlin-0.05-0.05-0.50-32-1.0 -0.015 0.001 0.012 0.028 0.095 5 5
merlin-0.10-0.05-0.50-32-1.0 -0.012 0.002 0.012 0.026 0.091 10 5
merlin-0.15-0.05-0.50-32-1.0 -0.011 0.002 0.012 0.025 0.085 15 5
merlin-0.05-0.10-0.50-32-1.0 -0.016 0.001 0.012 0.027 0.095 5 10
merlin-0.10-0.10-0.50-32-1.0 -0.012 0.002 0.012 0.026 0.091 10 10
merlin-0.15-0.10-0.50-32-1.0 -0.011 0.002 0.011 0.024 0.086 15 10
