#policy P10 P30 P50 P70 P90 filtersize stagingsize
merlin-0.05-0.01-2.00-32-1.0 -0.010 0.002 0.010 0.025 0.081 5 1
merlin-0.10-0.01-2.00-32-1.0 -0.008 0.001 0.008 0.021 0.071 10 1
merlin-0.15-0.01-2.00-32-1.0 -0.007 0.001 0.007 0.017 0.062 15 1
merlin-0.05-0.05-2.00-32-1.0 -0.010 0.002 0.010 0.025 0.082 5 5
merlin-0.10-0.05-2.00-32-1.0 -0.008 0.001 0.008 0.021 0.071 10 5
merlin-0.15-0.05-2.00-32-1.0 -0.007 0.001 0.007 0.017 0.062 15 5
merlin-0.05-0.10-2.00-32-1.0 -0.011 0.002 0.010 0.025 0.082 5 10
merlin-0.10-0.10-2.00-32-1.0 -0.008 0.001 0.008 0.021 0.072 10 10
merlin-0.15-0.10-2.00-32-1.0 -0.007 0.001 0.007 0.017 0.063 15 10
